42.49571730433321 	 164.10344185281997 	 1.0
45.46175554444283 	 162.4722537682041 	 1.0
42.376840364175024 	 159.59195760137703 	 1.0
43.94009330483983 	 156.261042393107 	 1.0
36.144297003392715 	 159.5434842260548 	 -1.0
44.6766615475057 	 155.10709648362885 	 1.0
42.59995375349971 	 162.10458454459408 	 1.0
36.29778975158964 	 157.63400896876732 	 -1.0
41.66284764245233 	 157.308632964151 	 1.0
43.29022066242341 	 158.04550882734972 	 1.0
44.19936812418752 	 164.11045442614113 	 1.0
36.555062484166065 	 154.23443144354235 	 -1.0
45.0144416188403 	 161.19956132495156 	 1.0
36.19935267368467 	 150.54730385497896 	 -1.0
42.562444057708504 	 164.0123946134914 	 1.0
38.92583961927705 	 150.46651409708585 	 -1.0
36.632311692926464 	 158.68441141071375 	 -1.0
36.455487413076746 	 150.47275070044364 	 -1.0
45.250598349990675 	 160.30609963831438 	 1.0
35.520908754499004 	 155.39778529754298 	 -1.0
43.12125085745652 	 161.07702332419746 	 1.0
39.5732031992917 	 154.9946504874788 	 -1.0
36.642299351704985 	 151.12718190777042 	 -1.0
36.359981488773926 	 153.95465786066075 	 -1.0
38.561275262453265 	 154.95154774429656 	 -1.0
37.21276563436243 	 154.41296451578108 	 -1.0
38.6237667290908 	 152.37619781604553 	 -1.0
36.422809575741134 	 150.22709237280569 	 -1.0
41.1505340435075 	 162.8246868933237 	 1.0
43.01197087480183 	 164.65459710135823 	 1.0
37.79361102283479 	 156.9914026201718 	 -1.0
43.054521966553565 	 162.05816143703774 	 1.0
43.93531226896969 	 158.38899108150468 	 1.0
35.101892142237624 	 155.26840874958805 	 -1.0
36.696326391077235 	 156.89984829850349 	 -1.0
35.24747279546444 	 154.12016089348876 	 -1.0
45.9592098623689 	 158.36631138732199 	 1.0
45.673770007713856 	 162.8521015275452 	 1.0
37.927451742976125 	 154.5160568893036 	 -1.0
38.42035992986378 	 159.39278924263922 	 -1.0
37.89229811608319 	 156.54637281086497 	 -1.0
44.00693803947068 	 163.668337627472 	 1.0
41.987496769665775 	 156.5775908893996 	 1.0
38.11433973693717 	 154.28229241968253 	 -1.0
41.90364834110362 	 160.1449292240871 	 1.0
37.9298529103628 	 158.45101900209025 	 -1.0
42.69096105895222 	 160.47696691993602 	 1.0
44.633244820166624 	 163.82005801873618 	 1.0
35.84067770771365 	 159.31613365104857 	 -1.0
37.50894612302439 	 151.96174862265988 	 -1.0
41.55939050949301 	 163.7864847823959 	 1.0
42.95044839665027 	 158.47746768392128 	 1.0
38.18490873112344 	 150.22328906719676 	 -1.0
42.54956920338066 	 163.83536980958152 	 1.0
45.02200220546929 	 163.21660673742338 	 1.0
35.93201274820396 	 150.67883941433112 	 -1.0
37.810690360778075 	 156.72678106204071 	 -1.0
39.997997235615344 	 155.88448672680173 	 -1.0
36.72379827287608 	 153.92341297996964 	 -1.0
37.384340482626705 	 157.49990301287892 	 -1.0
42.59781569216814 	 161.7930444953142 	 1.0
37.2294220118591 	 151.53570369946706 	 -1.0
41.036936638553044 	 155.29546346569478 	 1.0
38.503961218271776 	 154.71188110968853 	 -1.0
35.33102243902592 	 155.05920346580788 	 -1.0
43.91534285001198 	 160.34935604391384 	 1.0
37.23993609445103 	 155.53936136986295 	 -1.0
44.00679750459984 	 156.6976308041161 	 1.0
45.48599944643236 	 157.545751530279 	 1.0
37.817687579008044 	 157.4996262940366 	 -1.0
39.816990168105235 	 154.53184969122796 	 -1.0
41.03530151757379 	 163.25498705611997 	 1.0
44.222328836614764 	 155.3059020337833 	 1.0
39.44915838927588 	 152.8963172443668 	 -1.0
38.73928626183628 	 152.74454300637422 	 -1.0
39.45360278611497 	 159.75056259590602 	 -1.0
43.4251597348051 	 162.64985027073828 	 1.0
43.98020405607502 	 162.13987650629647 	 1.0
43.340055431283645 	 156.7665778004077 	 1.0
39.64829661770727 	 152.93274218950245 	 -1.0
37.25448517114018 	 152.39026156679313 	 -1.0
44.505454332180754 	 160.86724608681143 	 1.0
42.54199119651865 	 161.9798584505549 	 1.0
44.41631513402086 	 156.96121793494132 	 1.0
38.435483935417174 	 157.45870282674727 	 -1.0
43.98559985868259 	 164.4274623974403 	 1.0
36.64422736309031 	 154.33760353453863 	 -1.0
42.3479320188396 	 157.4149378791701 	 1.0
36.47480314926067 	 156.21777970524502 	 -1.0
35.549586608490756 	 152.4883186001435 	 -1.0
44.85404962933325 	 157.70395339961436 	 1.0
35.78650320727365 	 153.32045024917875 	 -1.0
45.380223062284855 	 156.66623239435634 	 1.0
35.443591792273786 	 157.06573494604226 	 -1.0
42.578640372722866 	 159.48605716693865 	 1.0
39.16488783364862 	 154.35828451011903 	 -1.0
43.91680805684895 	 163.76907335716322 	 1.0
43.456485711366945 	 162.2210161100128 	 1.0
36.92439337301286 	 150.43515188814698 	 -1.0
38.28447908669737 	 156.09733291083822 	 -1.0
38.97331134182598 	 155.04791630822035 	 -1.0
38.39443334052274 	 156.88763171787681 	 -1.0
43.619068621668326 	 159.66442371374623 	 1.0
42.74401494635988 	 160.69505274334523 	 1.0
43.47372844129466 	 164.79556764550125 	 1.0
45.16873440605998 	 158.25923469044048 	 1.0
45.11807547179487 	 161.8579009445246 	 1.0
43.20950314487331 	 164.8378898110056 	 1.0
36.152089939571916 	 158.54985088638227 	 -1.0
35.73530587390209 	 153.03697809550212 	 -1.0
42.33943318592096 	 157.31273947714894 	 1.0
35.11777061109962 	 152.11940081905826 	 -1.0
43.25086267921442 	 164.76389646068267 	 1.0
44.796296287056975 	 162.08404519170668 	 1.0
45.98497476317306 	 155.68264629999967 	 1.0
39.86752410551122 	 153.78698034633348 	 -1.0
42.18411877748582 	 164.19388091013158 	 1.0
44.70815658976347 	 164.9190226890441 	 1.0
44.01324968460093 	 158.80653010111988 	 1.0
42.61613953893594 	 155.02109884317312 	 1.0
37.303467093417865 	 151.75345387610636 	 -1.0
37.88116667295645 	 156.11758084308346 	 -1.0
41.9664950108205 	 164.7720548886803 	 1.0
39.42607322811031 	 152.66251231594057 	 -1.0
43.58570197442976 	 156.30287540681923 	 1.0
37.67023332596224 	 152.87725132565697 	 -1.0
41.45155477284502 	 157.4549314174519 	 1.0
39.724257000960414 	 153.76703097474035 	 -1.0
44.485704323265225 	 155.5773711733066 	 1.0
38.07041091205325 	 151.44786058488728 	 -1.0
41.50849952525689 	 156.74487088303312 	 1.0
37.43428401848881 	 159.0160751137225 	 -1.0
38.120379039112876 	 158.8972228929841 	 -1.0
36.224150287446385 	 152.54279422920172 	 -1.0
42.5275356465248 	 155.2472345479379 	 1.0
35.6101706517379 	 151.0884484672651 	 -1.0
38.48490416249363 	 158.61909340039566 	 -1.0
42.87794064009619 	 161.06303200243207 	 1.0
35.14520064136657 	 155.1611152532967 	 -1.0
38.30396996426708 	 155.0827220559629 	 -1.0
39.54154679597316 	 151.58697572884358 	 -1.0
37.737658791533725 	 151.57324332068674 	 -1.0
36.54996782332059 	 151.59945285188527 	 -1.0
44.53011957328564 	 160.83842192494726 	 1.0
45.02756540914226 	 155.1663289719009 	 1.0
45.304824954003855 	 156.0952786803869 	 1.0
39.67310886572258 	 153.7478038218232 	 -1.0
42.41039436600965 	 157.1265370924279 	 1.0
43.06889850562234 	 163.56518140519387 	 1.0
41.07135405942861 	 160.3278830693002 	 1.0
38.132994703451075 	 151.66135655984564 	 -1.0
37.319329700809405 	 153.48869362204795 	 -1.0
42.127765997031204 	 155.50596567842777 	 1.0
42.66203264073554 	 163.29217860730637 	 1.0
43.01387421455412 	 163.16352974643777 	 1.0
45.04836673814816 	 155.09828881533508 	 1.0
38.7790508631547 	 151.01828189055058 	 -1.0
36.95908307119537 	 154.14805573250672 	 -1.0
43.76933835382873 	 157.23962769440126 	 1.0
36.07697515502903 	 151.94463745405432 	 -1.0
39.402778144946325 	 159.52793290352412 	 -1.0
44.819108610508785 	 159.6939354769215 	 1.0
44.062490384898254 	 159.0316177595787 	 1.0
44.50602385730027 	 163.76621394366376 	 1.0
42.38282048305308 	 162.5871519392537 	 1.0
37.463811519433904 	 150.80155020292776 	 -1.0
39.64919527757569 	 158.80551730494844 	 -1.0
38.53688049107212 	 154.27812352627072 	 -1.0
36.91733277568474 	 152.43578983900898 	 -1.0
45.43990559072777 	 163.64067965723498 	 1.0
39.86646673043021 	 158.73411248083812 	 -1.0
36.433879757950386 	 156.56259382600993 	 -1.0
45.964375434534524 	 163.66506531736138 	 1.0
43.56128766837302 	 156.13535941559257 	 1.0
44.269041290369536 	 159.923095935234 	 1.0
36.37085478445407 	 150.54346023244577 	 -1.0
43.90997232988559 	 163.42790965326458 	 1.0
43.314576021938954 	 158.1356828945909 	 1.0
39.775926199944955 	 150.23051730839322 	 -1.0
41.952271042833615 	 156.88992644655715 	 1.0
35.87602171087425 	 157.59792860225664 	 -1.0
38.374639570482316 	 159.18997288743867 	 -1.0
41.021663002688555 	 156.360704093095 	 1.0
42.5554723438753 	 162.78541416608124 	 1.0
36.21505089026306 	 158.6203456929577 	 -1.0
42.48492956717126 	 157.2426513264196 	 1.0
41.24760103424633 	 158.90345630594487 	 1.0
39.50057228832274 	 158.01708237348643 	 -1.0
39.17982073202987 	 158.81113462266842 	 -1.0
43.96251929691145 	 158.92431524854535 	 1.0
37.75772487379932 	 156.05541720400035 	 -1.0
44.886083350472546 	 160.4662513662134 	 1.0
37.97092707511555 	 151.82344600718145 	 -1.0
42.71010796960534 	 158.8890909498258 	 1.0
35.12516034384416 	 155.25302670746515 	 -1.0
39.78005713748215 	 155.32447265950304 	 -1.0
37.818393444702856 	 155.74906973947185 	 -1.0
38.63832184956695 	 152.13821731882754 	 -1.0
42.60410011196654 	 164.2339721772199 	 1.0
35.51406862955585 	 158.54821455121774 	 -1.0
41.928080058994766 	 161.95280598411924 	 1.0
41.25790446469926 	 161.9516300524342 	 1.0
38.6521413334865 	 158.49418601313528 	 -1.0
41.436743660194644 	 158.36966462294188 	 1.0
39.98684115952771 	 152.88657064317306 	 -1.0
37.44736318521709 	 153.42455324678286 	 -1.0
39.68013645742198 	 151.9489419823394 	 -1.0
44.19750043545154 	 159.53147795779913 	 1.0
37.37178870564521 	 153.13201884565163 	 -1.0
38.745790479427995 	 150.48555812285204 	 -1.0
42.343837416659824 	 160.61767327041403 	 1.0
42.84280969512896 	 162.92711532699224 	 1.0
37.175859784333255 	 152.2748137458019 	 -1.0
35.54609120678547 	 153.55561033623323 	 -1.0
39.66723081626599 	 154.1543210018005 	 -1.0
44.816897630540325 	 158.54889969787774 	 1.0
41.04525924105418 	 164.29285580079846 	 1.0
41.2646125414997 	 163.9098890455161 	 1.0
38.328675487780735 	 153.31512116450997 	 -1.0
41.09695595770026 	 158.35841332215372 	 1.0
42.559473333447855 	 155.97367747386258 	 1.0
35.763326057978595 	 156.6007726505202 	 -1.0
35.76184542645378 	 152.20924487449798 	 -1.0
43.67773993223523 	 162.322639457844 	 1.0
38.19086674464884 	 153.39444668374676 	 -1.0
38.95980531523883 	 153.44942720662056 	 -1.0
37.6240411945241 	 152.2634413097879 	 -1.0
37.756329021299194 	 159.48736345123334 	 -1.0
45.10093515891933 	 161.9627490803273 	 1.0
43.77974096910419 	 164.29106790632957 	 1.0
41.09540137532827 	 160.39919934372242 	 1.0
39.52402790240891 	 157.43468985295783 	 -1.0
41.06578640089432 	 162.957736097223 	 1.0
41.94949413751788 	 163.56503622041845 	 1.0
36.89056213831665 	 156.57857386474186 	 -1.0
35.27029141836339 	 152.2038834823829 	 -1.0
36.58738399774894 	 157.66696068764873 	 -1.0
37.41344231274772 	 152.4919194243449 	 -1.0
35.23000646755321 	 159.11112328551582 	 -1.0
35.375529118382275 	 150.86598501148669 	 -1.0
43.036972756669314 	 158.75156871406134 	 1.0
44.31171967510773 	 162.61285355805475 	 1.0
37.33383633307322 	 151.41901699854094 	 -1.0
37.836602568396465 	 158.51932953985093 	 -1.0
39.444939677078956 	 158.42451388955195 	 -1.0
35.028062171179954 	 158.10757502808448 	 -1.0
44.22238429219053 	 162.41807782809892 	 1.0
35.97038888122257 	 156.99017569032236 	 -1.0
44.170528708901465 	 157.2449302045835 	 1.0
45.28572418107706 	 163.68395434114015 	 1.0
38.121079556591006 	 154.75288557325746 	 -1.0
45.71181247101637 	 163.62634367980763 	 1.0
41.14542604308938 	 164.57130531301888 	 1.0
42.97291171800328 	 159.07481730194667 	 1.0
41.825743237232345 	 164.16526883481595 	 1.0
37.99062706826914 	 150.6182939505133 	 -1.0
44.05482707624102 	 157.01960148008968 	 1.0
44.46476173458681 	 159.15704560758383 	 1.0
39.23503204739238 	 150.92560876710058 	 -1.0
38.179480939040495 	 157.6483352455126 	 -1.0
38.00954718708801 	 158.94873716763186 	 -1.0
35.34871095214532 	 155.5352264635494 	 -1.0
41.43694297287205 	 157.90260236450658 	 1.0
45.55597824135583 	 159.67384300032177 	 1.0
41.06041675242091 	 157.33960950416903 	 1.0
39.689618687995434 	 159.13564324509042 	 -1.0
45.286333019030195 	 155.82418514559916 	 1.0
38.15555145596527 	 158.39519301423312 	 -1.0
36.76069493455005 	 152.2755685362158 	 -1.0
35.410382539074625 	 157.49713847640183 	 -1.0
35.047974218460645 	 155.6656016042462 	 -1.0
39.476057512165525 	 152.82343901227904 	 -1.0
41.546755327496314 	 158.31300076912203 	 1.0
39.67992749500716 	 152.45321770984955 	 -1.0
38.01347026612176 	 159.72812941844347 	 -1.0
35.79577346625422 	 158.91068511910126 	 -1.0
43.18777681487373 	 156.15946140964107 	 1.0
41.185290809509965 	 163.8451298080464 	 1.0
41.703793965360354 	 155.12682069685033 	 1.0
41.85117291476001 	 158.4576125338024 	 1.0
38.71791285799631 	 155.31817994079287 	 -1.0
43.14271306550866 	 159.44832078451262 	 1.0
37.58834753990701 	 152.49126709075813 	 -1.0
36.58131566963587 	 151.89593518020519 	 -1.0
35.50269239249674 	 156.72820704787367 	 -1.0
38.484733322424475 	 152.72713845129752 	 -1.0
37.713655047362295 	 155.1656695500632 	 -1.0
44.07493170026487 	 161.46811577787426 	 1.0
35.56290876640264 	 158.0541739097326 	 -1.0
36.20672716213908 	 152.35648993277783 	 -1.0
36.910655950112535 	 156.15574132575608 	 -1.0
35.163773612730594 	 154.71847478072493 	 -1.0
35.77801680248288 	 152.8706397486763 	 -1.0
38.76704486729561 	 151.69209262142397 	 -1.0
43.955471197445185 	 155.80309308538068 	 1.0
43.67402609908917 	 155.97869096684852 	 1.0
41.036302895439675 	 157.43291584302142 	 1.0
45.03483685678443 	 161.3601023154827 	 1.0
39.40522195863032 	 159.5064318831819 	 -1.0
43.82448640795528 	 157.62725585545743 	 1.0
45.61445175832062 	 163.39008340464264 	 1.0
41.65803338263073 	 163.25970109368112 	 1.0
35.708299104706015 	 151.30627127528373 	 -1.0
41.67209883103016 	 157.73712482968187 	 1.0
44.74204539094672 	 162.0699301761247 	 1.0
39.5754315983606 	 153.4760501416174 	 -1.0
43.9956600002499 	 161.9052502245883 	 1.0
39.63469309464045 	 156.85854488105028 	 -1.0
36.68267371667527 	 150.29588612864248 	 -1.0
43.704460667140324 	 159.44363453125567 	 1.0
36.8015638929622 	 159.78892656805903 	 -1.0
36.27226220472251 	 151.24525427323937 	 -1.0
35.36895019261122 	 151.4768335479251 	 -1.0
45.163772223440176 	 159.55309295027 	 1.0
44.75281309457598 	 157.57856115372405 	 1.0
44.92539844655292 	 156.00149105745572 	 1.0
35.46883968052542 	 158.0740387052976 	 -1.0
39.7491613483847 	 159.40671380600432 	 -1.0
43.55368393866527 	 161.6032001657504 	 1.0
45.18040838166083 	 164.78584975489994 	 1.0
45.03015988494566 	 159.9349873925232 	 1.0
36.7937822991686 	 159.99254615603746 	 -1.0
41.572468347666415 	 161.98468295948726 	 1.0
35.662348603862526 	 152.84076881839258 	 -1.0
39.62666258960305 	 159.4227900535684 	 -1.0
37.48697522953223 	 158.01827344560525 	 -1.0
44.165508990606924 	 163.78994873046955 	 1.0
44.179669046240804 	 156.11444004410106 	 1.0
38.198246845564775 	 157.68828677404673 	 -1.0
37.687559290695155 	 156.21119094761346 	 -1.0
41.428336238206015 	 155.81340732294822 	 1.0
36.083081046282366 	 154.29047664083024 	 -1.0
43.62299716694407 	 155.0048371746978 	 1.0
41.83667835161688 	 161.69821804869608 	 1.0
37.416147655943746 	 152.2888611440086 	 -1.0
41.238808347462765 	 163.4694692548607 	 1.0
41.11466317829257 	 161.23633934595267 	 1.0
39.215032605921 	 158.06496147325012 	 -1.0
45.689542910706805 	 160.04456687748484 	 1.0
43.740976898238074 	 155.12350880677235 	 1.0
36.122772477900384 	 156.2893761031333 	 -1.0
45.65989166966795 	 159.91603969036387 	 1.0
41.18704465341486 	 157.64123309360323 	 1.0
44.465354438760706 	 164.36549753668606 	 1.0
43.437206261032536 	 161.41552675213106 	 1.0
37.966445453470286 	 158.91985229918777 	 -1.0
43.06569402060211 	 163.60441733364078 	 1.0
42.63099330323801 	 163.73122962981373 	 1.0
39.04826867355301 	 157.53710219803858 	 -1.0
37.10993806351992 	 159.07886785347108 	 -1.0
35.46907199447777 	 158.47780341282987 	 -1.0
44.43319033566729 	 162.042338598772 	 1.0
36.57338616377334 	 158.08120555778208 	 -1.0
37.71357985774534 	 151.56964898794965 	 -1.0
41.32065811595619 	 156.70345045050928 	 1.0
44.371080878545236 	 157.22445976545455 	 1.0
44.0048336181811 	 159.3852231634538 	 1.0
39.01004199702553 	 152.65292827930625 	 -1.0
39.45925403616193 	 154.36243284445536 	 -1.0
38.16245299067768 	 155.65475346560174 	 -1.0
44.84528982250885 	 161.84476369665205 	 1.0
36.816529638919384 	 156.3915291595536 	 -1.0
43.348451432413285 	 158.79451822790128 	 1.0
39.311628051176584 	 158.23856663190762 	 -1.0
36.57953382768649 	 153.35013465320972 	 -1.0
36.2799646752532 	 151.72430211639087 	 -1.0
45.38412489652968 	 155.4916372895571 	 1.0
36.760283895002345 	 156.91476487078805 	 -1.0
37.56302669561298 	 156.48792930364488 	 -1.0
35.231425025923606 	 157.30122952521143 	 -1.0
36.865700501427455 	 151.63560581325135 	 -1.0
45.137678755187764 	 162.2735882281472 	 1.0
42.80675518874557 	 163.34080290862406 	 1.0
41.88454848820122 	 155.95722802862224 	 1.0
38.389642485252445 	 155.11763909951293 	 -1.0
39.60412735781929 	 159.3200458247547 	 -1.0
38.9173964402138 	 157.88832676138946 	 -1.0
45.68355533519174 	 162.91550785605511 	 1.0
35.18326439510919 	 153.22971079598986 	 -1.0
42.933326930558714 	 157.98601568581415 	 1.0
38.93527386556079 	 158.61215449114877 	 -1.0
44.796827724157694 	 161.20937543608414 	 1.0
44.21888688261484 	 156.53924736240563 	 1.0
44.2502793126367 	 160.44879581672288 	 1.0
37.71563441029509 	 155.34500775173925 	 -1.0
38.66912928762874 	 155.28429248093232 	 -1.0
36.46020860992187 	 155.86074195767094 	 -1.0
38.84943191120138 	 154.46159915882154 	 -1.0
35.31352991826276 	 150.4668371088974 	 -1.0
35.96572642468408 	 155.01968837785506 	 -1.0
45.06060637959132 	 164.16173380412118 	 1.0
44.68976732617386 	 164.71062042122435 	 1.0
43.34316257172372 	 157.9525815014127 	 1.0
36.033334784445955 	 156.18174901518572 	 -1.0
39.299247070352635 	 153.4172054267303 	 -1.0
38.89991973960238 	 155.870712261286 	 -1.0
45.558330633806136 	 156.4988531686381 	 1.0
35.045516226515964 	 158.52448285640043 	 -1.0
42.3933706198057 	 155.45781618831802 	 1.0
38.19724862158821 	 153.32844229885356 	 -1.0
44.98086280234044 	 159.29471699991643 	 1.0
42.195638426969495 	 160.59554258367905 	 1.0
44.5489994811457 	 158.192900660465 	 1.0
45.487168858432725 	 159.57991914452882 	 1.0
45.271926534051815 	 160.07910692454828 	 1.0
36.91874593050061 	 154.0839616674797 	 -1.0
36.45564857306748 	 153.25867922375014 	 -1.0
36.94794107273305 	 158.70446503428516 	 -1.0
44.98785715645681 	 157.33300621106406 	 1.0
39.27247123607021 	 155.68309992957558 	 -1.0
45.69413394033616 	 159.80743419758966 	 1.0
36.6068454256089 	 159.71092254326894 	 -1.0
37.62155468348802 	 157.45189323932252 	 -1.0
45.67572445525093 	 159.24028499115443 	 1.0
38.6675764228586 	 150.8582257088683 	 -1.0
38.892698110407295 	 155.76587591240184 	 -1.0
38.50116870467833 	 153.4310597765993 	 -1.0
36.158801159721975 	 153.84246756963188 	 -1.0
35.95213014853701 	 153.20395605302886 	 -1.0
38.1530592930362 	 153.29847901427829 	 -1.0
38.34201394631844 	 158.0787951716439 	 -1.0
42.133862828352946 	 155.13427006417874 	 1.0
35.485042695397325 	 153.94445829914068 	 -1.0
35.68534160087091 	 152.01383400733616 	 -1.0
41.65906901677792 	 162.90556799658125 	 1.0
42.77272060554171 	 155.26979880044937 	 1.0
37.15431819303826 	 158.66662846081257 	 -1.0
41.30302552687568 	 160.80713670361618 	 1.0
36.9874121815911 	 150.2536207089994 	 -1.0
41.86513588748103 	 161.497345701049 	 1.0
35.879329128507806 	 155.04618893693535 	 -1.0
45.613178283650306 	 159.8951263445644 	 1.0
35.2261102250738 	 158.45935025357647 	 -1.0
45.91108359172937 	 155.79607814105682 	 1.0
35.138262999007914 	 155.654133999615 	 -1.0
35.226707338691966 	 151.24370844656482 	 -1.0
43.54005545564261 	 159.7410942190993 	 1.0
44.47915402684393 	 163.19235792784767 	 1.0
43.96954213041215 	 159.63711375534348 	 1.0
38.283455365132326 	 156.56049754888755 	 -1.0
35.56981108700176 	 153.21398702940016 	 -1.0
37.740721435518886 	 152.79845470313705 	 -1.0
35.49239876328288 	 154.55222807704254 	 -1.0
43.47401945729283 	 160.17596316435845 	 1.0
45.1958940255734 	 156.91827625453482 	 1.0
44.655568392469085 	 162.05616233918352 	 1.0
38.29632818234431 	 154.24382088289678 	 -1.0
38.69575477380247 	 154.89220652270248 	 -1.0
37.00779710360288 	 156.06086858470195 	 -1.0
37.823563886038045 	 155.9760038189564 	 -1.0
36.975530272796966 	 150.07002323104646 	 -1.0
39.65890412737621 	 154.1882777512549 	 -1.0
41.42904210694804 	 161.1404662494516 	 1.0
43.99918335769638 	 164.71209994692902 	 1.0
39.17388816341718 	 156.4683103749769 	 -1.0
42.70187127268017 	 160.52290613421138 	 1.0
44.82827824849042 	 157.77141559729844 	 1.0
37.63795617680642 	 154.23649988134198 	 -1.0
43.01113631006982 	 160.03037945154276 	 1.0
42.60710080886703 	 161.9491789017876 	 1.0
44.65129058512958 	 164.652178736119 	 1.0
36.8574477159467 	 158.13675497008632 	 -1.0
35.26933078300314 	 155.3290326534913 	 -1.0
44.500542965592274 	 163.33392579745427 	 1.0
41.49821540305663 	 163.92382508309757 	 1.0
43.42553864880902 	 164.00367221254606 	 1.0
45.26247940114165 	 162.4703249380299 	 1.0
35.25200425197552 	 159.05018939328212 	 -1.0
45.05839930403504 	 156.86496518384718 	 1.0
44.2138912022359 	 159.97258175334733 	 1.0
41.31267260170896 	 159.3459098338364 	 1.0
39.78326108744772 	 150.66119748047302 	 -1.0
42.047095330749386 	 160.83893168005946 	 1.0
43.62809974343833 	 157.2078418173954 	 1.0
42.38941684867017 	 164.88471490547767 	 1.0
39.058296905072574 	 151.24645956705993 	 -1.0
39.1618091935251 	 154.20457178800567 	 -1.0
36.296343943676426 	 153.54423674961492 	 -1.0
44.49591592878193 	 160.11598261872996 	 1.0
42.39036533314144 	 162.34434285664173 	 1.0
44.454804738240846 	 163.12887336230452 	 1.0
43.012590149408936 	 157.80079057131837 	 1.0
41.60955287566202 	 162.98404654628615 	 1.0
35.99568106447499 	 150.30750272102318 	 -1.0
41.20633846989596 	 158.96409939730805 	 1.0
43.86851854004698 	 161.16851124279577 	 1.0
44.56056182653209 	 157.94147139848872 	 1.0
42.8941264173619 	 157.36408573876705 	 1.0
42.991205238008284 	 159.67319358930695 	 1.0
39.39855958537318 	 153.75121294990274 	 -1.0
39.895002691046024 	 150.84084942819283 	 -1.0
44.80674613479832 	 155.89771694053385 	 1.0
35.409040387772684 	 153.0989182512979 	 -1.0
42.255044537724544 	 161.17623672731418 	 1.0
37.59659537120971 	 156.21245456205298 	 -1.0
35.031083242348124 	 158.96275054127375 	 -1.0
42.322008802672855 	 155.46986748465218 	 1.0
36.341653836170536 	 156.9227006700929 	 -1.0
42.07525301435633 	 156.34280191898745 	 1.0
37.17510194824901 	 156.63146531003528 	 -1.0
44.592291743176645 	 156.6129578630022 	 1.0
42.108574324361854 	 160.5562615250883 	 1.0
37.53826350218096 	 152.68259141072522 	 -1.0
37.6045473343273 	 150.02060381432244 	 -1.0
39.28224683630741 	 158.05318597623196 	 -1.0
43.58914883938518 	 156.10344201425477 	 1.0
36.14114453492819 	 152.50615892473812 	 -1.0
38.41520928862193 	 152.5401875208656 	 -1.0
38.38664522009501 	 158.5035049563693 	 -1.0
39.50441224735402 	 159.55880001165605 	 -1.0
39.652606386790104 	 159.73034622240058 	 -1.0
45.75119524724986 	 158.3774602630456 	 1.0
36.537740185403024 	 151.95101409949922 	 -1.0
41.03226392340422 	 159.20406113396768 	 1.0
45.60343258831165 	 156.31421045757037 	 1.0
42.38673618859278 	 156.25088694829435 	 1.0
45.224728207327054 	 163.56526221483256 	 1.0
43.417350316392024 	 158.17857128431785 	 1.0
45.13106886270371 	 164.53410416688703 	 1.0
45.52939826029979 	 158.87136052214868 	 1.0
43.0066151201822 	 161.04604673668533 	 1.0
35.457943227345964 	 159.40935880888202 	 -1.0
42.440061401808364 	 158.3140221173975 	 1.0
41.04595486592582 	 158.94031399199832 	 1.0
35.01280897346682 	 154.88428039761195 	 -1.0
43.25950038950599 	 159.5623626476118 	 1.0
36.698206407972755 	 156.82732986142022 	 -1.0
45.38038899414442 	 157.45306718532274 	 1.0
37.06202610463031 	 152.44552855063466 	 -1.0
38.19498413192016 	 155.42954265606275 	 -1.0
45.21997562669522 	 159.00860163537362 	 1.0
45.455019462653304 	 158.81964699871503 	 1.0
38.20840016873539 	 153.73717407958048 	 -1.0
45.834239860316885 	 164.46884431103433 	 1.0
35.06074938261157 	 154.24164491303114 	 -1.0
41.28270113550208 	 158.79213672445835 	 1.0
43.66689009663227 	 159.66054459594565 	 1.0
44.11134056030127 	 157.21063268827146 	 1.0
45.53652152903723 	 155.72112823852794 	 1.0
37.50685326481934 	 152.01709887432398 	 -1.0
43.39130052810842 	 164.17550827909596 	 1.0
37.44027382583316 	 159.39135841310488 	 -1.0
43.07544795844645 	 162.20666503078428 	 1.0
43.470958899567826 	 155.05695884460314 	 1.0
35.849365401910944 	 156.37502283241554 	 -1.0
44.702547918977494 	 157.08555319886187 	 1.0
41.97726126806541 	 158.6127031584329 	 1.0
39.153522671930475 	 150.37167311107288 	 -1.0
45.393424758248614 	 164.3676804050784 	 1.0
43.899447424264046 	 155.8441769905863 	 1.0
38.89671434025282 	 153.91600997283865 	 -1.0
37.837042013686414 	 153.9889142920103 	 -1.0
41.63410946520228 	 164.03862619711293 	 1.0
44.81402939459533 	 161.6008667007781 	 1.0
37.63467906753384 	 152.65918675221735 	 -1.0
41.22704399690202 	 159.17867258362094 	 1.0
42.11773767445516 	 164.71971670418912 	 1.0
35.363322550643346 	 154.55888761792477 	 -1.0
38.753144807202396 	 151.51182844952066 	 -1.0
38.196868744909516 	 158.06957889477073 	 -1.0
43.765111192249634 	 164.2715935022353 	 1.0
44.8383046578935 	 159.3644273849631 	 1.0
35.601826423262644 	 154.84403114995933 	 -1.0
44.4973740309044 	 161.89143123099944 	 1.0
38.83282992146155 	 158.2087655095361 	 -1.0
36.642209507601784 	 152.89071598503554 	 -1.0
36.27448204033467 	 151.81212131294487 	 -1.0
41.50168517507337 	 156.0160060548493 	 1.0
43.18064661900863 	 163.15319488671554 	 1.0
45.32537660792327 	 161.52219374241605 	 1.0
38.00432649126802 	 150.0117921136382 	 -1.0
35.244320604250746 	 154.9967466322235 	 -1.0
45.659055584388774 	 157.92410641589828 	 1.0
38.70567948985432 	 155.51587878829056 	 -1.0
38.91569555261465 	 152.99785005092485 	 -1.0
42.62228914237696 	 156.90227271592806 	 1.0
42.09451090641776 	 159.25297018053826 	 1.0
37.53349434360607 	 150.12283990965994 	 -1.0
37.79045127440277 	 156.30530653577978 	 -1.0
41.922954244996916 	 162.2641227340943 	 1.0
43.7703762011391 	 162.36584945528136 	 1.0
42.4322226580013 	 162.3324335499732 	 1.0
44.547799917667255 	 163.05206613050544 	 1.0
36.180291189837156 	 159.2071348047709 	 -1.0
44.309927583617885 	 164.07138656603888 	 1.0
42.83593304553543 	 157.13462391828043 	 1.0
38.34809467516541 	 153.6029109047574 	 -1.0
36.73634857261187 	 154.427526800022 	 -1.0
36.40811663340011 	 155.401273974081 	 -1.0
35.656469546812275 	 157.33545123973346 	 -1.0
41.72414548124878 	 158.5870703954984 	 1.0
41.25479060518195 	 155.96636171797812 	 1.0
43.00889317859024 	 164.60745625445713 	 1.0
35.69864520508342 	 158.7643474547721 	 -1.0
43.84225450151037 	 157.5425464944407 	 1.0
36.59313766669678 	 156.79022582024174 	 -1.0
42.51500565012631 	 157.8470474439516 	 1.0
42.316698486617916 	 155.15175224740207 	 1.0
35.7081625758853 	 151.46629972183646 	 -1.0
38.98522338801793 	 154.996879648122 	 -1.0
45.19853638488646 	 159.85604868882888 	 1.0
43.732504373087224 	 162.97261190141583 	 1.0
43.72707515188745 	 161.07936123672235 	 1.0
36.15789794964275 	 154.32481372199442 	 -1.0
45.25494508515907 	 157.4449108875899 	 1.0
43.53260384294109 	 163.183922613415 	 1.0
44.73791998649422 	 160.13708845135753 	 1.0
44.592548319191664 	 163.7435603351589 	 1.0
43.95761025452123 	 155.56321378146365 	 1.0
38.15711521366683 	 153.46213546264127 	 -1.0
41.96350135767631 	 155.59057587522244 	 1.0
43.78448236053346 	 164.99422881027832 	 1.0
42.868430363639305 	 159.22219600153667 	 1.0
36.34184393866857 	 157.31322504290455 	 -1.0
37.268161616389996 	 152.90011756719124 	 -1.0
42.863962022371076 	 161.14882640779615 	 1.0
43.76000141535704 	 161.14376295881993 	 1.0
45.99314704384613 	 157.34396039170724 	 1.0
42.955736470365025 	 164.2532698741395 	 1.0
41.013992130914396 	 161.84039858380416 	 1.0
43.39873432849277 	 162.00303842995132 	 1.0
41.32358432444605 	 158.98411484583696 	 1.0
35.96811221870463 	 156.01314875064236 	 -1.0
35.34501416720427 	 157.16414549917107 	 -1.0
44.49747035090454 	 156.29018102615646 	 1.0
37.47569300823138 	 150.20152635954722 	 -1.0
35.31932894692226 	 158.94883696326994 	 -1.0
37.71789215662808 	 155.1225983543696 	 -1.0
39.46900251094935 	 157.90834589758484 	 -1.0
41.093815815512706 	 155.0850853107224 	 1.0
41.04020894330194 	 162.13536984107733 	 1.0
37.61371782710062 	 156.62652359598843 	 -1.0
43.46964269676717 	 160.2963209008586 	 1.0
37.91841857030053 	 158.6378000426023 	 -1.0
37.05582167152753 	 150.14359918353733 	 -1.0
38.79701641129669 	 156.18774921497464 	 -1.0
42.77237168390148 	 161.63899915553765 	 1.0
36.663761102507124 	 159.16256638443753 	 -1.0
43.1040459762324 	 160.9448094143655 	 1.0
37.19996703731838 	 157.97223699883583 	 -1.0
36.72139078295545 	 151.08475336537794 	 -1.0
41.05420843614038 	 157.55506687859128 	 1.0
41.87826341008196 	 162.77758570359893 	 1.0
35.49545586739154 	 154.22020052068683 	 -1.0
35.43292925508281 	 152.4744869048688 	 -1.0
36.799535764382966 	 150.2762351441956 	 -1.0
43.03268537951208 	 157.7959069797503 	 1.0
45.612290305184175 	 157.36552494679015 	 1.0
45.45978874346066 	 155.7957316421745 	 1.0
38.74657581100778 	 150.92682515803708 	 -1.0
37.52599432282679 	 159.93954396485148 	 -1.0
41.3428794847937 	 160.6420790008454 	 1.0
44.730634642216565 	 163.58227742873814 	 1.0
45.98551778651128 	 158.36182889825395 	 1.0
35.214975546338515 	 151.4587821606164 	 -1.0
43.42812053901345 	 160.8456668939766 	 1.0
38.53511804967342 	 156.71833414210525 	 -1.0
43.241910841677296 	 160.85956512097613 	 1.0
41.25291693678603 	 160.27705707844336 	 1.0
43.46857385549432 	 162.89985848464067 	 1.0
37.14757318269696 	 153.22361404877338 	 -1.0
45.79663846185491 	 164.121161207862 	 1.0
35.515061539391155 	 151.70291358746965 	 -1.0
39.60924460825831 	 153.9829456900905 	 -1.0
38.96746413718198 	 151.1516752818591 	 -1.0
43.440744791139096 	 164.28143596400577 	 1.0
36.563527605693615 	 152.42173896021367 	 -1.0
38.198544134892046 	 152.6831959026057 	 -1.0
44.23239441844943 	 161.23285763890453 	 1.0
36.63451776523032 	 152.49452086331192 	 -1.0
36.76284402828681 	 156.15333805013603 	 -1.0
45.379173906565704 	 161.10894629708167 	 1.0
41.56649634864779 	 156.4614914134919 	 1.0
41.86338591614368 	 164.11682237557935 	 1.0
36.05640292674404 	 156.6592491647841 	 -1.0
41.7990935273052 	 157.52026673660916 	 1.0
35.1820954716912 	 156.33697612331474 	 -1.0
43.85975669780679 	 163.67535692687994 	 1.0
42.85533089950041 	 160.9641516693812 	 1.0
43.892057503591886 	 156.15813308875684 	 1.0
39.43857730117737 	 154.02814895772886 	 -1.0
43.536231006894624 	 163.55185679020795 	 1.0
42.33942773892392 	 164.9128444600032 	 1.0
45.61835323427464 	 162.6736273739935 	 1.0
41.19037621554745 	 161.18796833678456 	 1.0
43.56009033619328 	 159.80890055164198 	 1.0
44.71207819618817 	 155.00114135191885 	 1.0
37.43463027410661 	 150.39822890752478 	 -1.0
44.994225385262396 	 159.34660105000904 	 1.0
36.656390379625286 	 155.2388018230398 	 -1.0
35.44039784648008 	 153.8847045392753 	 -1.0
41.36425749977044 	 155.63901295162762 	 1.0
37.15750538938707 	 158.03004085810852 	 -1.0
39.88936185618158 	 157.28318740527743 	 -1.0
45.69185177995702 	 163.88351479288954 	 1.0
36.07905943676984 	 150.13250713494256 	 -1.0
35.13461991667202 	 155.50433991893567 	 -1.0
41.00588246418032 	 159.59834992802362 	 1.0
42.188013643599206 	 160.68729280746064 	 1.0
36.119500857983844 	 153.5111175000154 	 -1.0
45.68337140249962 	 157.58243795911358 	 1.0
45.34429148622669 	 158.68960342801947 	 1.0
42.975592853207345 	 157.76974229666237 	 1.0
43.32267529967797 	 157.69091530303325 	 1.0
44.47930078009637 	 161.13097668293037 	 1.0
43.09119156739577 	 157.00519426180367 	 1.0
43.21965319285787 	 164.07193310009947 	 1.0
35.534855028095016 	 157.01337213388177 	 -1.0
39.308162249806074 	 158.55439521010274 	 -1.0
36.43599046851936 	 152.4594082583996 	 -1.0
41.23437212948012 	 156.4965507204662 	 1.0
35.45834943464107 	 154.78950211007714 	 -1.0
38.49295596343635 	 150.3625336387797 	 -1.0
36.12018449647809 	 154.72250411776 	 -1.0
41.4579363296531 	 156.3935144283767 	 1.0
45.21733830321825 	 161.32239540341212 	 1.0
35.794603295741695 	 154.71442897849244 	 -1.0
44.740247697391474 	 156.33544170520346 	 1.0
42.89390317579621 	 160.00288899691148 	 1.0
38.18717666448739 	 158.96522855559434 	 -1.0
37.329193741449295 	 159.01272322125263 	 -1.0
37.48210456052847 	 158.22366983218666 	 -1.0
44.50618848940647 	 156.83866747198334 	 1.0
38.44477624563561 	 152.91691238056663 	 -1.0
37.78344264701876 	 158.69815051285065 	 -1.0
45.95846049478426 	 161.18640737595743 	 1.0
36.8155043059627 	 150.80264448680668 	 -1.0
37.05442460874959 	 151.0025562803314 	 -1.0
37.0398038771261 	 155.71206589038042 	 -1.0
44.52171632132099 	 164.65413060352333 	 1.0
36.26026547298144 	 152.51897998827678 	 -1.0
36.05646771848098 	 151.66320841416402 	 -1.0
36.694138211658284 	 151.7119453316351 	 -1.0
43.36001283455444 	 163.15963104617413 	 1.0
37.348973616074694 	 151.79350679998268 	 -1.0
39.44894312237211 	 153.93552432471913 	 -1.0
37.948735505031216 	 157.69458918002283 	 -1.0
38.97231656787501 	 155.71462882825492 	 -1.0
37.72186788688361 	 157.38484941869876 	 -1.0
37.506757410834226 	 156.5038214171433 	 -1.0
43.79085560619886 	 164.59159837096124 	 1.0
43.0663143848159 	 164.18499676458848 	 1.0
37.014110228015525 	 157.43864926640174 	 -1.0
44.72029058763246 	 161.28231009498555 	 1.0
37.5708978918109 	 155.23985007600714 	 -1.0
43.98468835118589 	 160.36206744168632 	 1.0
37.65737456637832 	 151.98456417080837 	 -1.0
39.990543618395655 	 151.41107574771414 	 -1.0
37.263453165334965 	 157.31868642306802 	 -1.0
41.46407842508691 	 163.69975378686507 	 1.0
37.4756337185459 	 156.900269869149 	 -1.0
44.18801117872408 	 157.01031919157325 	 1.0
39.74937235501876 	 154.7425277358854 	 -1.0
43.80954825640771 	 155.892027795481 	 1.0
44.922702903941556 	 164.685326983765 	 1.0
43.728316078708005 	 158.58733394310872 	 1.0
42.84250532495125 	 158.38289398380147 	 1.0
44.25179336259277 	 155.13223249942263 	 1.0
39.41133973055864 	 155.86156411276252 	 -1.0
39.856302788561216 	 159.87518199541884 	 -1.0
43.081014144010304 	 162.30370983738803 	 1.0
39.55706299789922 	 151.36668900534846 	 -1.0
41.016710237357195 	 157.04788016373013 	 1.0
37.20782100390204 	 156.3204916594771 	 -1.0
43.133681216261046 	 157.4886950052849 	 1.0
44.73379822696088 	 161.3867403048055 	 1.0
35.14292212516705 	 154.03859891182034 	 -1.0
36.23650519566249 	 151.5497261887774 	 -1.0
35.6397742065718 	 151.90270331243678 	 -1.0
45.5038233384116 	 157.28374999533705 	 1.0
42.53878388496605 	 156.37180421599595 	 1.0
36.30594537246809 	 152.35068706557053 	 -1.0
39.866204288787856 	 157.44281589027642 	 -1.0
36.75694186144389 	 153.32757625289432 	 -1.0
44.1093335565035 	 160.92539190794648 	 1.0
38.69339974035436 	 158.82810681391913 	 -1.0
41.29347363155715 	 163.88027635344994 	 1.0
39.78525408395025 	 153.30626130318618 	 -1.0
38.201545633304676 	 158.47295374533527 	 -1.0
41.966457199515034 	 155.49599403139698 	 1.0
42.942086940406405 	 158.56738426798543 	 1.0
38.38569770582511 	 156.26785431096906 	 -1.0
41.630426350783004 	 156.34382905893844 	 1.0
38.740476597002036 	 157.47310010338836 	 -1.0
37.62449161227977 	 151.50630489318172 	 -1.0
37.5183744932679 	 156.78620089622817 	 -1.0
38.36829763059897 	 152.33940302379267 	 -1.0
39.437782615822314 	 153.39211029519433 	 -1.0
36.95206196933379 	 150.76355110244933 	 -1.0
37.586581470999356 	 154.2219734514321 	 -1.0
39.54143694282403 	 152.23340451081802 	 -1.0
39.85039561877206 	 154.69815933677273 	 -1.0
36.46934060863868 	 158.7162026077158 	 -1.0
35.86024016734086 	 154.73710272762168 	 -1.0
43.19735138541737 	 158.8075901558412 	 1.0
42.11156873912075 	 158.6090672660036 	 1.0
44.05493165378483 	 159.83128392254667 	 1.0
36.25531034042439 	 157.59238323440624 	 -1.0
41.51346957207261 	 160.07487553069134 	 1.0
37.1150056416668 	 157.03550346459127 	 -1.0
